((("write" .
   [1 0 0 0 0])
  ("bad" .
   [1 0 0])
  ("REC" .
   [1 0 0])
  ("nw2db" .
   [1 0 0 0 0])
  ("insert_article" .
   [0 0 0 0 0 0 0 0 1 0 0 0 0 0])
  ("xml" .
   [9 0 0])
  ("dnc_seconds" .
   [0 0 0 0 1 0 0 0 0 0 0])
  ("110" .
   [2 0 0])
  ("double" .
   [1 0 0 0 0 0])
  ("iter" .
   [2 0 0 0])
  ("elif" .
   [1 0 0 0])
  ("rec_time" .
   [1 0 0 0 0 0 0 0])
  ("rec" .
   [3 0 0])
  ("iter_time" .
   [2 0 0 0 0 0 0 0 0])
  ("dnc_time" .
   [3 0 0 0 0 0 0 0])
  ("fac_rec" .
   [4 0 0 0 0 0 0])
  ("fac_iter" .
   [1 0 0 0 0 0 0 0])
  ("xrange" .
   [1 0 0 0 0 0])
  ("temp" .
   [13 0 0 0])
  ("measure" .
   [1 0 0 0 0 0 0])
  ("e_time" .
   [1 0 0 0 0 0])
  ("s_time" .
   [5 0 0 0 0 0])
  ("sleep" .
   [2 0 0 0 0])
  ("sys" .
   [1 0 0])
  ("fac_dnc" .
   [1 0 0 1 0 0 1])
  ("end" .
   [15 0 0])
  ("product" .
   [4 0 0 0 0 0 0])
  ("input" .
   [19 0 0 0 0])
  ("match" .
   [1 0 0 0 0])
  ("free" .
   [4 0 0 0])
  ("void" .
   [3 0 0 0])
  ("i" .
   [5])
  ("println" .
   [1 0 0 1 0 0 0])
  ("System" .
   [2 0 0 0 0 0])
  ("found" .
   [3 0 0 0 0])
  ("boolean" .
   [1 0 0 0 0 0 0])
  ("abs" .
   [4 0 0])
  ("insti_list" .
   [0 0 0 0 0 0 0 0 1 0])
  ("author_list" .
   [1 0 0 0 0 0 0 0 0 0 0])
  ("co_author_str" .
   [2 0 0 0 0 0 0 0 0 0 0 0 0])
  ("added_cv_id" .
   [0 0 0 0 0 0 1 0 0 0 0])
  ("insti_len" .
   [1 0 0 0 0 0 2 0 0])
  ("institution" .
   [2 0 0 1 1 4 3 0 0 0 1])
  ("author_len" .
   [3 0 0 0 0 0 0 0 0 0])
  ("title_string" .
   [2 0 0 0 0 1 1 0 0 0 0 0])
  ("co_author" .
   [1 0 5 3 0 0 0 0 3])
  ("test" .
   [1 0 0 0])
  ("title" .
   [5 0 0 0 0])
  ("wos_id" .
   [2 0 0 0 0 0])
  ("$sql_query" .
   [0 0 0 0 1 0 0 0 0 0])
  ("$row3" .
   [1 0 0 0 0])
  ("$row2" .
   [1 0 0 0 0])
  ("$result2" .
   [1 0 0 0 0 0 0 0])
  ("mysql_fetch_array" .
   [0 0 0 0 0 0 0 1 0 0 0 0 0 0 0 0 0])
  ("$query2" .
   [2 0 0 0 0 0 0])
  ("$row1" .
   [2 0 0 0 0])
  ("$shelter_list" .
   [4 0 0 0 0 0 0 0 0 0 0 0 0])
  ("$query1" .
   [2 0 0 0 0 0 0])
  ("$shelter_count" .
   [3 0 0 0 0 0 0 0 0 0 0 0 0 0])
  ("$month_count" .
   [2 0 0 0 0 0 0 0 0 0 0 0])
  ("$mon_array" .
   [1 0 0 0 0 0 0 0 0 0])
  ("$mon" .
   [2 0 0 0])
  ("h3" .
   [1 0])
  ("$new_pet_query" .
   [1 0 0 0 2 0 0 0 0 0 0 0 0 0])
  ("mysql_num_rows" .
   [0 0 0 0 0 0 0 0 0 2 0 0 0 0])
  ("$foster_row" .
   [1 0 0 0 0 0 0 0 0 0 0])
  ("$foster_info" .
   [1 0 0 0 0 0 0 0 0 0 0 0])
  ("$pet_info" .
   [2 0 0 0 0 0 0 0 0])
  ("$pet_row" .
   [1 0 0 0 0 0 0 0])
  ("mysql_error" .
   [2 0 0 0 0 1 0 0 0 0 0])
  ("die" .
   [5 0 0])
  ("$pet" .
   [2 0 0 0])
  ("$_COOKIE" .
   [0 0 0 2 0 0 0 0])
  ("$shelter" .
   [4 0 0 0 0 0 0 0])
  ("$foster" .
   [6 0 0 0 0 0 0])
  ("isset" .
   [2 0 0 0 0])
  ("updated_result" .
   [0 0 0 0 0 0 1 0 0 0 0 0 0 0])
  ("prob" .
   [9 0 0 0])
  ("wos_len" .
   [3 0 0 0 0 2 0])
  ("wos_string" .
   [1 0 0 3 2 2 0 0 0 0])
  ("column" .
   [12 0 0 0 0 0])
  ("ExcelWriter" .
   [1 0 0 0 0 0 0 0 0 0 0])
  ("filename" .
   [1 0 0 0 0 0 0 0])
  ("exception" .
   [0 0 0 0 0 0 1 0 0])
  ("try" .
   [2 0 0])
  ("work_book" .
   [0 0 0 0 0 0 1 0 0])
  ("save" .
   [2 0 0 0])
  ("result_rows" .
   [1 0 0 0 0 0 0 0 0 0 0])
  ("rows" .
   [1 0 0 0])
  ("result_sheet" .
   [9 0 0 0 0 0 0 0 2 0 2 0])
  ("result_book" .
   [1 0 0 0 0 0 0 0 2 0 0])
  ("result_path" .
   [0 0 0 0 0 0 0 0 1 0 0])
  ("work_path" .
   [1 0 0 0 0 0 0 0 0])
  ("author_id" .
   [1 0 0 0 0 0 0 0 0])
  ("author" .
   [6 0 0 0 0 0])
  ("author_row" .
   [13 0 1 0 0 0 1 0 1 1])
  ("main" .
   [5 0 0 0])
  ("cv_id" .
   [7 0 0 0 0])
  ("string_len" .
   [0 0 0 0 0 0 0 0 1 0])
  ("string_text" .
   [0 0 0 0 0 0 1 0 1 0 0])
  ("cv_text" .
   [3 0 0 0 0 0 0])
  ("parsed_len" .
   [0 0 0 0 0 0 0 0 1 0])
  ("float" .
   [11 0 0 0 0])
  ("cv_len" .
   [6 0 0 0 2 0])
  ("ss" .
   [5 0])
  ("fuzzy_substring" .
   [0 0 0 0 0 1 0 0 0 0 0 0 0 0 0])
  ("os" .
   [1 0])
  ("openpyxl" .
   [2 0 0 0 0 0 0 0])
  ("levenshtein" .
   [0 0 1 2 2 1 0 0 0 0 1])
  ("value" .
   [27 0 0 1 0])
  ("worksheets" .
   [2 0 0 0 0 1 0 0 0 0])
  ("work_list" .
   [1 0 0 0 2 0 0 0 0])
  ("clean_parse" .
   [0 0 1 1 1 2 0 0 0 0 0])
  ("replace" .
   [7 0 0 0 0 0 0])
  ("parsed_text" .
   [0 0 1 3 5 0 4 0 0 0 1])
  ("encode" .
   [1 0 0 0 0 0])
  ("parse_text" .
   [0 0 0 3 0 1 0 0 0 2])
  ("join" .
   [3 0 0 0])
  ("unparsed_text" .
   [0 0 3 1 0 0 0 0 0 0 0 0 0])
  ("getdocumenttext" .
   [0 0 0 0 0 0 1 0 0 0 0 0 0 0 0])
  ("opendocx" .
   [2 0 0 0 0 0 0 0])
  ("sheet" .
   [7 0 0 0 0])
  ("book" .
   [7 0 0 0])
  ("article" .
   [2 0 0 0 0 0 0])
  ("get_sheet_names" .
   [0 0 0 1 0 0 0 0 0 0 0 0 0 0 0])
  ("cell" .
   [19 0 2 0])
  ("row" .
   [20 0 0])
  ("mod" .
   [2 0 0])
  ("pub_key" .
   [2 0 0 0 0 0 0])
  ("message" .
   [6 0 0 0 1 0 0])
  ("leng" .
   [1 0 0 0])
  ("key_len" .
   [1 0 0 0 0 0 0])
  ("PRGA" .
   [0 0 2 0])
  ("256" .
   [3 0 0])
  ("check" .
   [1 0 0 0 0])
  ("load-file" .
   [1 0 0 0 0 0 0 0 0])
  ("in" .
   [15 0])
  ("range" .
   [11 0 0 0 0])
  ("out" .
   [3 0 0])
  ("ciper" .
   [2 0 0 0 0])
  ("ascii" .
   [2 0 0 0 0])
  ("ord" .
   [3 0 0])
  ("as" .
   [1 0])
  ("path_hack" .
   [2 0 0 0 0 0 0 0 0])
  ("import_time" .
   [1 0 0 0 0 0 0 0 0 0 0])
  ("report" .
   [1 0 0 0 0 0])
  ("strip" .
   [2 0 0 0 0])
  ("check_output" .
   [1 0 0 0 0 0 0 0 0 0 0 0])
  ("get_import_time" .
   [0 0 0 0 0 0 0 1 0 0 0 0 0 0 0])
  ("command" .
   [2 0 0 0 0 0 0])
  ("repo_path" .
   [2 0 0 0 0 1 1 2 0])
  ("Repository" .
   [0 0 0 0 1 0 0 0 0 0])
  ("append" .
   [1 0 0 0 0 0])
  ("start" .
   [17 0 0 0 0])
  ("put" .
   [1 0 0])
  ("Queue" .
   [2 0 0 0 0])
  ("tuple" .
   [1 0 0 0 0])
  ("target" .
   [1 0 0 0 0 0])
  ("result" .
   [14 0 0 0 1 0])
  ("_eval_expand_log" .
   [0 0 0 0 0 1 0 0 0 0 0 0 0 0 0 0])
  ("e" .
   [1])
  ("Process" .
   [3 0 0 0 0 0 0])
  ("multiprocessing" .
   [1 0 0 0 0 1 0 0 0 0 0 0 0 0 0])
  ("doit" .
   [1 0 0 0])
  ("False" .
   [4 0 0 0 0])
  ("doit_F" .
   [1 0 0 0 0 0])
  ("true" .
   [1 0 0 0])
  ("is_number" .
   [0 0 0 0 0 0 1 0 0])
  ("_args" .
   [1 0 0 0 0])
  ("sympify" .
   [0 0 1 0 0 0 0])
  ("sorted_args" .
   [2 0 0 0 0 0 0 1 0 0 0])
  ("args" .
   [20 0 0 0])
  ("self" .
   [14 0 0 0])
  ("True" .
   [3 0 0 0])
  ("assert" .
   [1 0 0 0 0 0])
  ("load" .
   [1 0 0 0])
  ("html-php-mode" .
   [1 0 0 0 0 0 0 0 0 0 0 0 0])
  ("current" .
   [4 0 0 0 0 0 0])
  ("Num" .
   [1 0 0])
  ("p_array" .
   [2 0 0 0 0 0 0])
  ("swap" .
   [2 0 0 0])
  ("while" .
   [6 0 0 0 0])
  ("tmp" .
   [6 0 0])
  ("b_sort" .
   [2 0 0 0 0 0])
  ("print" .
   [169 0 0 0 0])
  ("eval_sum_hyper" .
   [2 0 0 0 0 0 0 0 0 0 0 0 0 0])
  ("and" .
   [1 0 0])
  ("signed" .
   [0 0 1 0 0 0])
  ("size" .
   [6 0 0 0])
  ("else" .
   [13 0 0 0])
  ("union" .
   [1 0 0 0 0])
  ("return" .
   [39 0 0 0 0 0])
  ("union_size" .
   [4 0 0 0 0 0 0 0 0 0])
  ("break" .
   [3 0 0 0 0])
  ("SetB" .
   [7 0 0 0])
  ("if" .
   [32 0])
  ("get" .
   [2 0 0])
  ("string" .
   [6 0 0 0 0 0])
  ("require" .
   [4 0 0 0 0 0 0])
  ("for" .
   [49 0 0])
  ("int" .
   [76 0 0])
  ("sizeof" .
   [3 0 0 0 0 0])
  ("SetA" .
   [10 0 0 0])
  ("len" .
   [36 0 0])
  ("printf" .
   [24 0 0 0 0 0])
  ("week" .
   [2 0 0 0])
  ("time" .
   [29 0 0 0])
  ("time_i" .
   [8 0 0 0 0 0])
  ("604800" .
   [2 0 0 0 0 1])
  ("week_m" .
   [2 0 0 0 0 0])
  ("days_m" .
   [1 0 0 0 0 0])
  ("68400" .
   [1 0 0 0 0])
  ("IntArray" .
   [10 0 1 0 0 0 0 0])
  ("m50" .
   [5 0 0])
  ("100" .
   [9 0 0])
  ("tem1" .
   [2 0 0 0])
  ("count" .
   [21 0 0 0 0])
  ("compare" .
   [1 0 0 0 0 0 0])
  ("median" .
   [1 0 0 0 0 0])
  ("find_median" .
   [1 0 0 0 0 0 0 0 1 0 0])
  ("Nums" .
   [3 0 0 0])
  ("Array" .
   [2 0 0 0 0])
  ("array" .
   [21 0 0 0 0])
  ("Median" .
   [3 0 0 0 0 0])
  ("save_file" .
   [1 0 0 0 0 0 0 0 0])
  ("char" .
   [13 0 0 0])
  ("argv" .
   [2 0 0 0])
  ("FILE" .
   [1 0 0 0])
  ("FP" .
   [5 0])
  ("fopen" .
   [1 0 1 0 0])
  ("name" .
   [2 0 0 0])
  ("NULL" .
   [1 0 0 0])
  ("fclose" .
   [1 0 0 0 0 0])
  ("php-mode" .
   [0 0 0 0 1 0 0 0])
  ("echo" .
   [32 0 0 0])
  ("$row" .
   [1 0 0 0])
  ("$result" .
   [4 0 0 0 0 0 0])
  ("mysql_query" .
   [3 0 0 0 0 0 0 1 0 0 0])
  ("$update" .
   [0 0 0 1 0 0 0])
  ("$connection" .
   [0 0 0 0 0 0 0 1 0 0 0])
  ("simplify" .
   [1 0 0 0 0 0 0 0])
  ("from" .
   [8 0 0 0])
  ("import" .
   [17 0 0 0 0 0])
  ("KroneckerDelta" .
   [2 0 1 0 1 0 0 0 0 0 1 0 0 1])
  ("index" .
   [1 0 0 0 0])
  ("sorted" .
   [2 0 0 0 0 0])
  ("args_sorted" .
   [0 0 0 0 0 1 0 0 0 0 2])
  ("are" .
   [0 0 1])
  ("minlex" .
   [6 0 0 0 0 0])
  ("sort_args" .
   [7 0 0 0 0 1 0 0 2])
  ("type" .
   [10 0 0 0])
  ("cls" .
   [6 0 0])
  ("def" .
   [16 0 0])
  ("t1" .
   [5 0])
  ("expr" .
   [4 0 0 0])
  ("update_repo" .
   [3 0 0 0 0 0 0 0 0 0 0])
  ("flag" .
   [4 0 0 0])
  ("repo" .
   [1 0 0 0])
  ("is_dirty" .
   [1 0 0 0 0 0 0 0])
  ("cmd" .
   [1 0 0])
  ("cwd" .
   [0 0 1])
  ("split" .
   [3 0 0 0 0])
  ("str" .
   [26 0 0])
  ("time_str" .
   [1 0 0 0 0 0 1 0])
  ("length" .
   [3 0 0 0 0 0])
  ("options" .
   [3 0 0 0 0 0 0])
  ("exit" .
   [18 0 0 0])
  ("parser_review" .
   [1 0 0 0 0 0 0 0 0 0 0 0 0])
  ("add_argument" .
   [0 0 0 0 0 0 1 0 0 0 0 0])
  ("default" .
   [1 0 0 0 0 0 0])
  ("help" .
   [1 0 0 0])
  ("nargs" .
   [1 0 0 0 0])
  ("const" .
   [1 0 0 0 0])
  ("config" .
   [2 0 0 0 0 0])
  ("option" .
   [1 0 0 0 0 0])
  ("no_import_review" .
   [0 0 0 0 0 2 0 0 0 1 0 0 0 0 0 0])
  ("is" .
   [1 0])
  ("no_import_time" .
   [3 0 0 1 0 1 0 0 0 1 0 0 1 0])
  ("val" .
   [1 0 0])
  ("boolargs" .
   [2 0 0 0 0 0 0 0])
  ("sympy" .
   [1 0 0 0 0])
  ("sympy_dir" .
   [1 0 0 0 0 0 0 0 0])
  ("html" .
   [1 0 0 0])
  ("head" .
   [1 0 0 0])
  ("body" .
   [1 0 0 0])
  ("hex" .
   [6 0 0])
  ("key" .
   [16 0 0])
  ("KSA" .
   [2 0 0])
  ("plain" .
   [1 0 0 0 0])
  ("RC4encrypt" .
   [0 0 0 1 1 2 0 0 0 0])
  ("message_hex" .
   [3 0 0 0 0 0 0 0 1 1 0])
  ("array_hex" .
   [0 0 0 0 0 1 0 0 0])
  ("RC4decrypt" .
   [0 0 0 0 0 1 0 0 0 0])
  ("the" .
   [1 0 0])
  ("decimal" .
   [1 0 0 0 0 0 0])
  ("convert" .
   [1 0 0 0 0 0 0])
  ("cipher" .
   [3 0 0 0 0 0])
  ("load_workbook" .
   [0 0 0 0 3 0 1 0 0 1 0 0 0])
  ("path" .
   [6 0 0 0])
  ("current_dir" .
   [0 0 1 1 0 0 1 0 0 0 2])
  ("relative" .
   [0 0 0 0 1 0 0 0])
  ("abs_dir" .
   [0 0 1 1 0 0 0])
  ("root" .
   [3 0 0 0])
  ("child" .
   [2 0 0 0 0])
  ("docx" .
   [3 0 0 0])
  ("docu" .
   [3 0 0 0])
  ("raw_string" .
   [0 0 0 1 0 0 0 0 0 0])
  ("files" .
   [3 0 0 0 0])
  ("files_list" .
   [2 0 0 0 0 0 0 1 0 0])
  ("file" .
   [7 0 0 0])
  ("cv_dir" .
   [0 0 1 1 0 1])
  ("parsed_cv_text" .
   [1 0 0 0 0 0 0 0 1 9 0 0 0 0])
  ("$_POST" .
   [5 0 0 0 1 0])
  ("ssn" .
   [1 0 0])
  ("$Emp_num" .
   [1 0 0 0 0 0 0 0])
  ("matrix" .
   [4 0 0 0 0 0])
  ("malloc" .
   [1 0 0 0 0 0])
  ("matrix_size" .
   [1 0 0 0 0 0 0 0 0 0 0])
  ("auto_match" .
   [0 0 0 0 0 0 0 0 1 0])
  ("cv" .
   [1 0])
  ("ld" .
   [1 0])
  ("str1" .
   [3 0 0 0])
  ("str2" .
   [3 0 0 0])
  ("find_match" .
   [0 0 0 0 0 1 0 0 0 0])
  ("auto_match1" .
   [1 0 0 0 0 0 0 0 0 0 0])
  ("pass" .
   [1 0 0 0])
  ("include" .
   [2 0 0 0 0 0 0])
  ("stdio" .
   [1 0 0 0 0])
  ("reverse" .
   [2 0 0 0 0 0 0])
  ("reverse_t" .
   [1 0 0 0 0 0 0 0 0])
  ("sizea" .
   [4 0 0 0 0])
  ("temp2" .
   [1 0 0 0 0])
  ("t" .
   [1])
  ("vector" .
   [2 0 0 0 0 0])
  ("secded" .
   [5 0 0 1 0 0])))
